converged: true
initial_cost_per_obs: 128133.72725819347
final_cost_per_obs: 5.6892850683848311
target_mount_to_target:
  x: 0.0075299696199592706
  y: -0.86305944009095914
  z: -0.011808592379836952
  qw: 0.011212167447833151
  qx: 0.707071751878941
  qy: 0.70699921898753526
  qz: -0.0087137447163874223
camera_mount_to_camera:
  x: 0.10212727581993251
  y: -0.02591922031276082
  z: -0.064158127464063269
  qw: 0.6991796731404607
  qx: 0.011649974607765508
  qy: 0.013102127300599477
  qz: 0.71473099626295478
target_mount_to_target_rpy:
  x: 3.1380568500438515
  y: 0.028180202355128622
  z: 1.5706439162738339
camera_mount_to_camera_rpy:
  x: 0.035027054585211916
  y: 0.0016682870251204804
  z: 1.5928222638688176
target_mount_to_target_pos:
  x: 0.0075299696199592706
  y: -0.86305944009095914
  z: -0.011808592379836952
camera_mount_to_camera_pos:
  x: 0.10212727581993251
  y: -0.02591922031276082
  z: -0.064158127464063269