converged: true
initial_cost_per_obs: 36370.683278773009
final_cost_per_obs: 18.938890009867773
target_mount_to_target:
  x: 0.0056240274199392771
  y: -0.86790028382165363
  z: -0.0069052368041643535
  qw: 0.0015656412358546088
  qx: 0.70469340357824783
  qy: 0.70942437124129798
  qz: -0.011037083388023563
camera_mount_to_camera:
  x: 0.10873393010971269
  y: -0.034362848355286177
  z: -0.059871454020525988
  qw: 0.69781592686392901
  qx: 0.00036313297937699449
  qy: 0.019871714417599912
  qz: 0.71600133750963091
target_mount_to_target_rpy:
  x: -3.1281367634907475
  y: 0.017777864256720715
  z: 1.577606967111286
camera_mount_to_camera_rpy:
  x: 0.028977934265228822
  y: 0.02721695032258107
  z: 1.5969145688825237
target_mount_to_target_pos:
  x: 0.0056240274199392771
  y: -0.86790028382165363
  z: -0.0069052368041643535
camera_mount_to_camera_pos:
  x: 0.10873393010971269
  y: -0.034362848355286177
  z: -0.059871454020525988