qw: 0.3120759972655484
qx: -0.001990098177251955
qy: 0.8980326362359466
qz: 0.31006772759362483
x: 0.08158484373275235
y: -0.8992413992088474
z: 0.20357148036880549
