qw: 0.00849137280615122
qx: -0.43533670736726154
qy: 0.9001196553899119
qz: -0.013944668775002082
x: 0.14955228134995455
y: -0.6874758407524274
z: 0.20362436941761927
