qw: 0.0017325292457491556
qx: -0.007281748366809958
qy: 0.999839864951638
qz: -0.016254812721940053
x: 0.24831869681160942
y: -0.8891955992844971
z: 0.20683516210041417
