qw: 0.3928051334179039
qx: 0.4455668887334178
qy: 0.7990401697783797
qz: 0.09332246195586152
x: 0.02093051572283447
y: -0.7909042507822186
z: 0.3020724527022438
