qw: 0.0032728232674276796
qx: -0.29696800995146205
qy: -0.9547475059485517
qz: 0.016015292015719555
x: 0.17687108695750084
y: -0.9067921928321292
z: 0.20684205497958646
