qw: 0.010733407431303858
qx: -0.7299138702630622
qy: -0.683344349023662
qz: 0.012289695681307961
x: 0.26553206232214144
y: -0.9092304134835963
z: 0.2036191594844697
