qw: 0.003290417407132792
qx: -0.2969864866030648
qy: -0.9547420794553005
qz: 0.015992549697379586
x: 0.17687322850836015
y: -0.90677889122946
z: 0.3318522846992079
