qw: 0.05842441666384036
qx: -0.00821524376132765
qy: 0.9066692199321774
qz: -0.41769608920243523
x: 0.191030294885343
y: -0.6812176675123756
z: 0.20359140330562336
