qw: 0.24355927757698645
qx: 0.12234410630527505
qy: -0.925042707568573
qz: -0.26458795727081696
x: 0.3455110655932915
y: -0.7902991968788335
z: 0.20359411106911615
