qw: 0.16289830640899416
qx: -0.23892467501971654
qy: 0.8746651784058835
qz: -0.3890243785677298
x: 0.10904127036460223
y: -0.6177323502592227
z: 0.20358333116463953
