qw: 0.0017098685785063128
qx: -0.007280083520086826
qy: 0.9998402530888867
qz: -0.016234070239346945
x: 0.22003078561846579
y: -0.7013816795001375
z: 0.20681502566319968
