qw: 0.3377924632018726
qx: -0.1151074309223387
qy: 0.9340989970510363
qz: 0.010275935904755638
x: 0.07140302140351922
y: -0.8315931689573597
z: 0.2035593538127901
