qw: 0.22498845823184424
qx: 0.05038568525017844
qy: -0.9716519813890893
qz: 0.05228674255472767
x: 0.31232973007918613
y: -0.570108250686375
z: 0.20356272864984237
